wave300	wave301
2720.5	0.243958
2721	0.243928
2721.5	0.243623
2722	0.243379
2722.5	0.243531
2723	0.243501
2723.5	0.243501
2724	0.243623
2724.5	0.243501
2725	0.24344
2725.5	0.24347
2726	0.243684
2726.5	0.244233
2727	0.244447
2727.5	0.244416
2728	0.244081
2728.5	0.243714
2729	0.243867
2729.5	0.244325
2730	0.244538
2730.5	0.244294
2731	0.24402
2731.5	0.243928
2732	0.244325
2732.5	0.244447
2733	0.244752
2733.5	0.244996
2734	0.244813
2734.5	0.244752
2735	0.244538
2735.5	0.244294
2736	0.24405
2736.5	0.244081
2737	0.244325
2737.5	0.244416
2738	0.244599
2738.5	0.244691
2739	0.244538
2739.5	0.244294
2740	0.244172
2740.5	0.244355
2741	0.244416
2741.5	0.244386
2742	0.244782
2742.5	0.244905
2743	0.244538
2743.5	0.244752
2744	0.244691
2744.5	0.244325
2745	0.244599
2745.5	0.244752
2746	0.244935
2746.5	0.244966
2747	0.244691
2747.5	0.244233
2748	0.244203
2748.5	0.244416
2749	0.244233
2749.5	0.24405
2750	0.244111
2750.5	0.244294
2751	0.244355
2751.5	0.244447
2752	0.244599
2752.5	0.244508
2753	0.244721
2753.5	0.244996
2754	0.244813
2754.5	0.244508
2755	0.244416
2755.5	0.244233
2756	0.244203
2756.5	0.244355
2757	0.244294
2757.5	0.244264
2758	0.244172
2758.5	0.244081
2759	0.243928
2759.5	0.243928
2760	0.243989
2760.5	0.243806
2761	0.243836
2761.5	0.243989
2762	0.243562
2762.5	0.243287
2763	0.243501
2763.5	0.243134
2764	0.243043
2764.5	0.24286
2765	0.242829
2765.5	0.242738
2766	0.242829
2766.5	0.243134
2767	0.242951
2767.5	0.243073
2768	0.243196
2768.5	0.243348
2769	0.243379
2769.5	0.243348
2770	0.243806
2770.5	0.243989
2771	0.24402
2771.5	0.244203
2772	0.244172
2772.5	0.244142
2773	0.244447
2773.5	0.244966
2774	0.245271
2774.5	0.244935
2775	0.245118
2775.5	0.244996
2776	0.24466
2776.5	0.244447
2777	0.244416
2777.5	0.244721
2778	0.245027
2778.5	0.244996
2779	0.244752
2779.5	0.244721
2780	0.24466
2780.5	0.244691
2781	0.244599
2781.5	0.244416
2782	0.244355
2782.5	0.244538
2783	0.244874
2783.5	0.244966
2784	0.244874
2784.5	0.244996
2785	0.245332
2785.5	0.24524
2786	0.245057
2786.5	0.244874
2787	0.244691
2787.5	0.244447
2788	0.24463
2788.5	0.244966
2789	0.244721
2789.5	0.24463
2790	0.244538
2790.5	0.244477
2791	0.244477
2791.5	0.244752
2792	0.244905
2792.5	0.245057
2793	0.244935
2793.5	0.245118
2794	0.245606
2794.5	0.245484
2795	0.245393
2795.5	0.245362
2796	0.244966
2796.5	0.244966
2797	0.244843
2797.5	0.24466
2798	0.244477
2798.5	0.244538
2799	0.244691
2799.5	0.244752
2800	0.244477
2800.5	0.244081
2801	0.243989
2801.5	0.243836
2802	0.243958
2802.5	0.244111
2803	0.243897
2803.5	0.24347
2804	0.242982
2804.5	0.242555
2805	0.242066
2805.5	0.241731
2806	0.241426
2806.5	0.24109
2807	0.240479
2807.5	0.239961
2808	0.239533
2808.5	0.239228
2809	0.238954
2809.5	0.238618
2810	0.238313
2810.5	0.238282
2811	0.23874
2811.5	0.238832
2812	0.238526
2812.5	0.238618
2813	0.238862
2813.5	0.239228
2814	0.240022
2814.5	0.240937
2815	0.241334
2815.5	0.241548
2816	0.241975
2816.5	0.242524
2817	0.243134
2817.5	0.243379
2818	0.243012
2818.5	0.243012
2819	0.24344
2819.5	0.243806
2820	0.24405
2820.5	0.24405
2821	0.244081
2821.5	0.244294
2822	0.244477
2822.5	0.244447
2823	0.244416
2823.5	0.244447
2824	0.244416
2824.5	0.244172
2825	0.244569
2825.5	0.244905
2826	0.244843
2826.5	0.244905
2827	0.244905
2827.5	0.244905
2828	0.244996
2828.5	0.245118
2829	0.245088
2829.5	0.244874
2830	0.244813
2830.5	0.244508
2831	0.244447
2831.5	0.244599
2832	0.244752
2832.5	0.244721
2833	0.244508
2833.5	0.244294
2834	0.244447
2834.5	0.244538
2835	0.244721
2835.5	0.244752
2836	0.244599
2836.5	0.244599
2837	0.244203
2837.5	0.24405
2838	0.243806
2838.5	0.243501
2839	0.243134
2839.5	0.242768
2840	0.242402
2840.5	0.242036
2841	0.241761
2841.5	0.241059
2842	0.240205
2842.5	0.239594
2843	0.238832
2843.5	0.238069
2844	0.237458
2844.5	0.237245
2845	0.237245
2845.5	0.237397
2846	0.237397
2846.5	0.237031
2847	0.23697
2847.5	0.237367
2848	0.237824
2848.5	0.237977
2849	0.238526
2849.5	0.23932
2850	0.239747
2850.5	0.240052
2851	0.240602
2851.5	0.241242
2852	0.241578
2852.5	0.241975
2853	0.242524
2853.5	0.242982
2854	0.243257
2854.5	0.243531
2855	0.243653
2855.5	0.243684
2856	0.244081
2856.5	0.243836
2857	0.24405
2857.5	0.244203
2858	0.244233
2858.5	0.244081
2859	0.243714
2859.5	0.243867
2860	0.244081
2860.5	0.244111
2861	0.243836
2861.5	0.243531
2862	0.24347
2862.5	0.243501
2863	0.24344
2863.5	0.243134
2864	0.242738
2864.5	0.242524
2865	0.242188
2865.5	0.242219
2866	0.242066
2866.5	0.242097
2867	0.242249
2867.5	0.24228
2868	0.242249
2868.5	0.241914
2869	0.242219
2869.5	0.242646
2870	0.242677
2870.5	0.24289
2871	0.243348
2871.5	0.243501
2872	0.243501
2872.5	0.243897
2873	0.244386
2873.5	0.244782
2874	0.244752
2874.5	0.244813
2875	0.24466
2875.5	0.244386
2876	0.244752
2876.5	0.244782
2877	0.244599
2877.5	0.244599
2878	0.244355
2878.5	0.244569
2879	0.24521
2879.5	0.245332
2880	0.244813
2880.5	0.244599
2881	0.244325
2881.5	0.244203
2882	0.244355
2882.5	0.244386
2883	0.24405
2883.5	0.243836
2884	0.243714
2884.5	0.24347
2885	0.243196
2885.5	0.243073
2886	0.243196
2886.5	0.242829
2887	0.242555
2887.5	0.242585
2888	0.242738
2888.5	0.242707
2889	0.242646
2889.5	0.242524
2890	0.242555
2890.5	0.242524
2891	0.242738
2891.5	0.243012
2892	0.243318
2892.5	0.243379
2893	0.243531
2893.5	0.243592
2894	0.243867
2894.5	0.24405
2895	0.244233
2895.5	0.244081
2896	0.243989
2896.5	0.244081
2897	0.244233
2897.5	0.244355
2898	0.244081
2898.5	0.243989
2899	0.243897
2899.5	0.243928
2900	0.243775
2900.5	0.243379
2901	0.243012
2901.5	0.242738
2902	0.242524
2902.5	0.242494
2903	0.242341
2903.5	0.241761
2904	0.241212
2904.5	0.240357
2905	0.239808
2905.5	0.23935
2906	0.239045
2906.5	0.238923
2907	0.238587
2907.5	0.238282
2908	0.238038
2908.5	0.238008
2909	0.238069
2909.5	0.238038
2910	0.238282
2910.5	0.23874
2911	0.239106
2911.5	0.239686
2912	0.240357
2912.5	0.240693
2913	0.241029
2913.5	0.241487
2914	0.241883
2914.5	0.242341
2915	0.242646
2915.5	0.243287
2916	0.243836
2916.5	0.243928
2917	0.243897
2917.5	0.24405
2918	0.24405
2918.5	0.244081
2919	0.24402
2919.5	0.244233
2920	0.244569
2920.5	0.244905
2921	0.245149
2921.5	0.245332
2922	0.245515
2922.5	0.24524
2923	0.245423
2923.5	0.245667
2924	0.24582
2924.5	0.245851
2925	0.24579
2925.5	0.245881
2926	0.245728
2926.5	0.245423
2927	0.245301
2927.5	0.245027
2928	0.244691
2928.5	0.24524
2929	0.245454
2929.5	0.245515
2930	0.245423
2930.5	0.245301
2931	0.245179
2931.5	0.244874
2932	0.244508
2932.5	0.244172
2933	0.243928
2933.5	0.243806
2934	0.24347
2934.5	0.243073
2935	0.242951
2935.5	0.242463
2936	0.242005
2936.5	0.241334
2937	0.240632
2937.5	0.240296
2938	0.240205
2938.5	0.239991
2939	0.239564
2939.5	0.239198
2940	0.23932
2940.5	0.239747
2941	0.240022
2941.5	0.240083
2942	0.239961
2942.5	0.240479
2943	0.241395
2943.5	0.242433
2944	0.243043
2944.5	0.243196
2945	0.24344
2945.5	0.243897
2946	0.244203
2946.5	0.244386
2947	0.244569
2947.5	0.244874
2948	0.244874
2948.5	0.244905
2949	0.245362
2949.5	0.245637
2950	0.245606
2950.5	0.245667
2951	0.245698
2951.5	0.245576
2952	0.245301
2952.5	0.245332
2953	0.245606
2953.5	0.245881
2954	0.24582
2954.5	0.245484
2955	0.245606
2955.5	0.245606
2956	0.245484
2956.5	0.245851
2957	0.246156
2957.5	0.245973
2958	0.245759
2958.5	0.245881
2959	0.245973
2959.5	0.245973
2960	0.246034
2960.5	0.245973
2961	0.245973
2961.5	0.245667
2962	0.245912
2962.5	0.246095
2963	0.245881
2963.5	0.245912
2964	0.245881
2964.5	0.24582
2965	0.245851
2965.5	0.245637
2966	0.245698
2966.5	0.245728
2967	0.245698
2967.5	0.245545
2968	0.245759
2968.5	0.245728
2969	0.245515
2969.5	0.245332
2970	0.245271
2970.5	0.245637
2971	0.245759
2971.5	0.245606
2972	0.245454
2972.5	0.245515
2973	0.245057
2973.5	0.244905
2974	0.244813
2974.5	0.244691
2975	0.244599
2975.5	0.244447
2976	0.244416
2976.5	0.24405
2977	0.243287
2977.5	0.243531
2978	0.243806
2978.5	0.243714
2979	0.24347
2979.5	0.243745
2980	0.244233
2980.5	0.244264
2981	0.244386
2981.5	0.244599
2982	0.244813
2982.5	0.245088
2983	0.245149
2983.5	0.245179
2984	0.245362
2984.5	0.245728
2985	0.245667
2985.5	0.245576
2986	0.245667
2986.5	0.24579
2987	0.245912
2987.5	0.24582
2988	0.245912
2988.5	0.246156
2989	0.246217
2989.5	0.246827
2990	0.247224
2990.5	0.247315
2991	0.247102
2991.5	0.246827
2992	0.246919
2992.5	0.246675
2993	0.246522
2993.5	0.246522
2994	0.246705
2994.5	0.246797
2995	0.24698
2995.5	0.247102
2996	0.247193
2996.5	0.24698
2997	0.247132
2997.5	0.247254
2998	0.247254
2998.5	0.246766
2999	0.246736
2999.5	0.246552
3000	0.246339
3000.5	0.246675
3001	0.246766
3001.5	0.246858
3002	0.246705
3002.5	0.246583
3003	0.246522
3003.5	0.246583
3004	0.246766
3004.5	0.246827
3005	0.246705
3005.5	0.246797
3006	0.247102
3006.5	0.247254
3007	0.247285
3007.5	0.247041
3008	0.246766
3008.5	0.246675
3009	0.247102
3009.5	0.247285
3010	0.247254
3010.5	0.247102
3011	0.24698
3011.5	0.246919
3012	0.246888
3012.5	0.246736
3013	0.246705
3013.5	0.246827
3014	0.24698
3014.5	0.246888
3015	0.24698
3015.5	0.247224
3016	0.247132
3016.5	0.246888
3017	0.24698
3017.5	0.247315
3018	0.247407
3018.5	0.247346
3019	0.247315
3019.5	0.247254
3020	0.247346
