2820.5	1.0063428979732278	0.9998270102952383
2821.0	1.0057618145340423	0.9998235215345392
2821.5	1.0057208127114514	0.9998199259753902
2822.0	1.0043297836718206	0.999816219206382
2822.5	1.00307165251706	0.9998123965855907
2823.0	1.002628002199018	0.9998084532259482
2823.5	1.0055568388460063	0.9998043839795171
2824.0	1.0109195211754651	0.9998001834205741
2824.5	1.0131751161360965	0.9997958458273983
2825.0	1.009080297328541	0.9997913651626492
2825.5	1.0031007337444535	0.9997867350522065
2826.0	0.9975198973170705	0.9997819487623358
2826.5	0.9927536616971644	0.9997769991750234
2827.0	0.990146983217637	0.9997718787613114
2827.5	0.9879475569756258	0.9997665795524471
2828.0	0.9887169250015182	0.9997610931086358
2828.5	0.9905656827274211	0.99975541048517
2829.0	0.9932282699250948	0.9997495221956773
2829.5	0.9933205141929798	0.9997434181722041
2830.0	0.9961154755578842	0.9997370877218206
2830.5	1.0006662451489428	0.999730519479392
2831.0	1.0027839476991016	0.9997237013561284
2831.5	1.0003149262897384	0.9997166204834725
2832.0	0.9959531802160089	0.9997092631518362
2832.5	0.9932148629896239	0.9997016147436375
2833.0	0.995332524019761	0.9996936596600247
2833.5	1.0019031513020435	0.9996853812405939
2834.0	1.0045641924265454	0.9996767616753259
2834.5	1.0039838203484166	0.9996677819078649
2835.0	1.0034034955382365	0.9996584215291542
2835.5	0.9998519947419796	0.9996486586603079
2836.0	0.9977863343031801	0.99963846982346
2836.5	0.9990985648547636	0.9996278297991511
2837.0	0.998111808537587	0.9996167114686291
2837.5	0.992943109589051	0.9996050856392047
2838.0	0.9908824873790231	0.99959292085055
2838.5	0.9919207215470647	0.9995801831595189
2839.0	0.9924196063918317	0.9995668359007268
2839.5	0.9915703435184722	0.9995528394197063
2840.0	0.9916625764212417	0.9995381507749943
2840.5	0.994724815660794	0.9995227234049365
2841.0	1.002237225575573	0.9995065067543492
2841.5	1.006646672778115	0.9994894458554117
2842.0	1.0086296620765483	0.9994714808562566
2842.5	1.0072408357080034	0.9994525464896588
2843.0	1.0047695251594422	0.9994325714729596
2843.5	0.9994705217685179	0.999411477828862
2844.0	0.9959260562358095	0.999389180114937
2844.5	0.9958855313822992	0.9993655845475495
2845.0	1.0016414848354578	0.9993405880033365
2845.5	1.0069949441652233	0.9993140768782912
2846.0	1.0099182408661929	0.9992859257807767
2846.5	1.0120328961530065	0.9992559960302718
2847.0	1.0086213045174068	0.9992241339281627
2847.5	1.0050774760637122	0.9991901687601527
2848.0	1.0024747498245385	0.9991539104815751
2848.5	1.0017626201547165	0.9991151470265263
2849.0	1.000909216983484	0.9990736411685753
2849.5	1.0003297017510084	0.9990291268435553
2850.0	1.0012340930040553	0.9989813048213031
2850.5	1.0056403529640665	0.998929837578829
2851.0	1.0074850389991306	0.9988743431738324
2851.5	1.004750484496579	0.9988143878286402
2852.0	1.0018792709793736	0.9987494767804866
2852.5	1.0017060699059162	0.9986790426806332
2853.0	1.0022039888486887	0.9986024303399803
2853.5	0.9994656788441906	0.9985188757741381
2854.0	0.9986171308631134	0.998427476074668
2854.5	0.9979055054758403	0.9983271443246101
2855.0	0.9965141122538812	0.9982165402315913
2855.5	0.9958026302243798	0.9980939620511844
2856.0	0.9996686211757365	0.9979571786163632
2856.5	1.0055558705326606	0.9978031723036062
2857.0	1.005647407461097	0.9976277559318297
2857.5	1.0010296733354067	0.9974250216907788
2858.0	0.995061821535973	0.9971865827032191
2858.5	0.9946153638377762	0.9969005836955661
2859.0	1.0000956246166592	0.996550492837322
2859.5	1.0020760594820044	0.9961137465923825
2860.0	0.9962459276928548	0.9955604025963083
2860.5	0.9875878705444344	0.9948520521357638
2861.0	0.9818911703239751	0.9939413317013536
2861.5	0.9799672962345265	0.9927724186150793
2862.0	0.9832937887395697	0.9912828597992714
2862.5	0.9875597162589705	0.9894069348016775
2863.0	0.9841535545108181	0.987080494168321
2863.5	0.9769803308204562	0.98424690078903
2864.0	0.9758643011074389	0.9808634828745882
2864.5	0.9790535422072156	0.9769080456359533
2865.0	0.9778051929660816	0.9723858575611652
2865.5	0.972110972791095	0.9673394742032115
2866.0	0.9645339284225215	0.9618665206392696
2866.5	0.9550742892894728	0.9561515124907716
2867.0	0.9472295332747676	0.9505090550772423
2867.5	0.9444965700665117	0.945405927880724
2868.0	0.9436512194804603	0.9413891529647576
2868.5	0.93984708782656	0.9388719363281008
2869.0	0.9346939786305883	0.9378886089857291
2869.5	0.9320986552604822	0.9380507715076305
2870.0	0.9328676668432613	0.9387592451182574
2870.5	0.9341745012762399	0.9394668313717842
2871.0	0.9340043094258819	0.9398165701122274
2871.5	0.9339663875324786	0.9396646667030784
2872.0	0.9398488947357079	0.9390714671518233
2872.5	0.9465376212305279	0.9383066486184962
2873.0	0.9487825396568073	0.9378486109314144
2873.5	0.9475362807622265	0.9383019044387336
2874.0	0.9480355497199403	0.940174762076076
2874.5	0.9466527909316838	0.9436159365037412
2875.0	0.9454023629545167	0.9483428805735199
2875.5	0.9498019469113085	0.9538304956353463
2876.0	0.9597142401040365	0.9595627026348026
2876.5	0.9677440470247521	0.9651624560244955
2877.0	0.9713357863505662	0.9703976862226326
2877.5	0.9727769153372843	0.9751402575173764
2878.0	0.9763681589238272	0.9793280945819051
2878.5	0.9802278790955439	0.9829422900034033
2879.0	0.982205986107521	0.9859948174932671
2879.5	0.9841839325959042	0.9885208280986105
2880.0	0.9875053952008269	0.9905720794959337
2880.5	0.9931085432103455	0.9922104327217576
2881.0	1.0001957686424319	0.9935016281245534
2881.5	1.0033796236424652	0.9945099378520145
2882.0	0.9970224619742314	0.9952941795446619
2882.5	0.9930839434235259	0.9959052768965229
2883.0	0.9950608870360682	0.9963852596101951
2883.5	0.9950205254890853	0.9967673992281202
2884.0	0.9941698187755525	0.9970770984762777
2884.5	0.9964151150287108	0.9973331688705929
2885.0	1.0025575128446436	0.9975492066289571
2885.5	1.006550488934597	0.9977348733553386
2886.0	1.0051622435445122	0.9978969784119397
2886.5	0.9992124218162155	0.9980403296976944
2887.0	0.9951387589585102	0.9981683646255114
2887.5	0.9953669792177774	0.9982835962346494
2888.0	0.9941202968927635	0.9983879165269498
2888.5	0.991927186648642	0.9984827965860246
2889.0	0.9934982053795568	0.9985694159666647
2889.5	1.0004440651701552	0.9986487456816266
2890.0	1.0057782571986853	0.998721601762891
2890.5	1.0023789513979615	0.998788680592562
2891.0	0.9972324986142583	0.9988505830541328
2891.5	0.9957176096370178	0.9989078317882804
2892.0	0.9950038639407361	0.9989608840934671
2892.5	0.995368429187521	0.9990101419622927
2893.0	0.9985495118373193	0.9990559601353993
2893.5	1.002003178562688	0.9990986527094031
2894.0	1.0041100129923861	0.9991384986410685
2894.5	1.0023223938371435	0.9991757463793045
2895.0	0.9989244678657939	0.9992106177912367
2895.5	0.9964684093503687	0.9992433115077898
2896.0	0.9928026090961727	0.9992740057869097
2896.5	0.9907473618491611	0.9993028609730784
2897.0	0.9915123145766092	0.999330021617146
2897.5	0.9890569544084394	0.999355618309123
2898.0	0.9878071388250675	0.9993797692675055
2898.5	0.9895134808913525	0.9994025817213928
2899.0	0.9897417163913285	0.9994241531156899
2899.5	0.9884920249562108	0.9994445721647992
2900.0	0.9881836835614191	0.9994639197761795
2900.5	0.9901580229295703	0.9994822698618155
2901.0	0.9917275861238682	0.999499690052882
2901.5	0.9927604875952366	0.9995162423305793
2902.0	0.9952709145584656	0.9995319835841948
2902.5	0.995498852181565	0.9995469661058328
2903.0	0.9954585366455834	0.9995612380298976
2903.5	0.9985049970292881	0.9995748437242746
2904.0	0.9981963500529205	0.9995878241391856
2904.5	0.9949375048370436	0.9996002171188737
2905.0	0.9914063357002987	0.9996120576805833
2905.5	0.9900252920629955	0.999623378264698
2906.0	0.9903896603482951	0.9996342089593998
2906.5	0.9916903564815589	0.9996445777027737
2907.0	0.994736106073553	0.9996545104649133
2907.5	1.002744340786401	0.9996640314122573
2908.0	1.0112881793534632	0.9996731630561151
2908.5	1.0141965104606439	0.9996819263870955
2909.0	1.0099976418001628	0.9996903409969521
2909.5	1.0013733719305955	0.9996984251891714
2910.0	0.995566865967971	0.9997061960794809
2910.5	0.9921734766916032	0.9997136696873135
2911.0	0.9902568948244879	0.9997208610191468
2911.5	0.9890083963392348	0.999727784144535
2912.0	0.9903085693630349	0.9997344522655537
2912.5	0.9963057260787221	0.999740877780307
2913.0	0.9980053281487004	0.9997470723410665
2913.5	0.9956846911309449	0.9997530469075587
2914.0	0.9937684324836722	0.9997588117958552
2914.5	0.9950681498898748	0.9997643767232796
2915.0	0.997039894237431	0.9997697508496944
2915.5	0.9983393741255797	0.9997749428155016
2916.0	0.9996431415371136	0.9997799607766498
2916.5	0.9989306518441567	0.9997848124369165
2917.0	0.997682358034713	0.9997895050777053
2917.5	1.001796958183941	0.9997940455855733
2918.0	1.0085947094764758	0.9997984404776866
2918.5	1.0120365935962312	0.9998026959253778
2919.0	1.0119956613630527	0.9998068177759679
2919.5	1.0142338800943338	0.9998108115729961
2920.0	1.0149964599059447	0.9998146825749897
