2820.5	1.0071960301534075	0.9998352177850843
2821.0	1.0040971077940466	0.9998319208110584
2821.5	0.9991000441477085	0.9998285238370602
2822.0	0.9945051148771836	0.9998250227757137
2822.5	0.9935875833849459	0.9998214133285612
2823.0	0.9957982481980892	0.9998176909728401
2823.5	0.9971931222489083	0.9998138509472839
2824.0	0.996137494303679	0.9998098882368616
2824.5	0.9969886007839928	0.9998057975563678
2825.0	1.0036832126907884	0.9998015733327573
2825.5	1.007926989595172	0.9997972096861204
2826.0	1.0038826565506853	0.9997927004091715
2826.5	0.9992959287779807	0.9997880389451217
2827.0	0.9964776639678355	0.9997832183637847
2827.5	0.9959659791768586	0.9997782313357549
2828.0	0.9968164927131529	0.9997730701044775
2828.5	0.998752834403743	0.9997677264560102
2829.0	0.9991934537576633	0.999762191686258
2829.5	0.9989531454121304	0.9997564565654357
2830.0	1.0000744216616628	0.9997505112994851
2830.5	1.0016003277919276	0.9997443454881486
2831.0	1.0012263902664003	0.9997379480793602
2831.5	0.9994958603255055	0.9997313073195819
2832.0	0.9977656847662452	0.9997244106996663
2832.5	0.9979348111678836	0.9997172448957808
2833.0	0.9989176543536713	0.99970979570487
2833.5	1.0004427417430826	0.9997020479740717
2834.0	1.0022387118955476	0.9996939855234322
2834.5	1.0041721207315504	0.9996855910611797
2835.0	1.007323038926918	0.9996768460907303
2835.5	1.0055933017019951	0.9996677308084876
2836.0	1.0018285666692122	0.9996582239913825
2836.5	1.0014550265743296	0.9996483028729556
2837.0	1.0056934906325756	0.9996379430066322
2837.5	1.0039646277127203	0.9996271181146511
2838.0	0.9987090262428455	0.9996157999209042
2838.5	0.9950801717952406	0.9996039579656966
2839.0	0.9945742744534145	0.9995915594001572
2839.5	0.9948767096330726	0.999578568757709
2840.0	0.9951835233458751	0.9995649476996218
2840.5	0.9938608268873129	0.9995506547312379
2841.0	0.9929468308886149	0.9995356448849448
2841.5	0.9952868115261356	0.9995198693653663
2842.0	0.9972135287811302	0.9995032751515421
2842.5	0.9971116420960442	0.9994858045500363
2843.0	0.997551168721216	0.9994673946919373
2843.5	0.9983988270374823	0.9994479769655626
2844.0	0.9992463121939796	0.999427476375306
2844.5	0.9995479613441157	0.9994058108154493
2845.0	1.0029679378730365	0.9993828902458123
2845.5	1.009088361044495	0.9993586157538072
2846.0	1.0103424218028005	0.999332878484675
2846.5	1.006718307122162	0.9993055584183405
2847.0	1.0040438124985271	0.9992765229672836
2847.5	1.0028595423243274	0.9992456253649223
2848.0	1.0022163538408575	0.9992127028080454
2848.5	1.0014403167647357	0.9991775743095461
2849.0	1.0012007354412533	0.9991400382087412
2849.5	1.0021799363442012	0.9990998692754371
2850.0	1.0003184706398291	0.9990568153299467
2850.5	0.9998132258563134	0.9990105932833709
2851.0	0.9994409961836302	0.9989608844789216
2851.5	0.9986612870587518	0.9989073291827478
2852.0	0.9955872569936588	0.9988495200261247
2852.5	0.9957559157287854	0.9987869941298246
2853.0	0.9984931250535758	0.998719223527921
2853.5	0.999201686657651	0.998645603320598
2854.0	0.9982895685530928	0.9985654366713203
2854.5	0.9941324689540129	0.9984779152405528
2855.0	0.9922781472048474	0.9983820927962153
2855.5	0.9946070931654537	0.9982768484022404
2856.0	0.9977455019276875	0.9981608335826707
2856.5	0.9976438516910363	0.9980323950413088
2857.0	0.9978121462910948	0.9978894608675385
2857.5	1.0004139008324293	0.9977293739468003
2858.0	1.0020639472732378	0.997548652280174
2858.5	1.0002101396832497	0.9973426535504983
2859.0	0.9979453535827191	0.9971051227710805
2859.5	0.999059996663872	0.9968276100128407
2860.0	1.0008465997587002	0.9964987627596
2860.5	1.000072598076469	0.996103525875717
2861.0	0.997539043745968	0.9956223201044198
2861.5	0.9936620416600149	0.9950303115874266
2862.0	0.99234528806712	0.9942969190121028
2862.5	0.9914354454609084	0.9933857166159844
2863.0	0.9880994369150414	0.9922548660360767
2863.5	0.9851662482854943	0.9908581430879854
2864.0	0.9846595138553434	0.9891465355577566
2864.5	0.9865829114450373	0.987070335721385
2865.0	0.9866195235730357	0.9845817630015711
2865.5	0.9827423687200734	0.981638642922886
2866.0	0.9775188519212595	0.9782108308625976
2866.5	0.9732415149416297	0.9742930897813146
2867.0	0.9684262970432919	0.9699303235181707
2867.5	0.9652281456261717	0.9652598129873914
2868.0	0.9633816621525111	0.9605612439869337
2868.5	0.9591075008029983	0.9562700260970439
2869.0	0.9534834649152076	0.9528775862714107
2869.5	0.9509634347063537	0.950702166221292
2870.0	0.9488455265594091	0.9496880195434657
2870.5	0.9488859315193144	0.9494424881070223
2871.0	0.9494602286686904	0.9494858907043757
2871.5	0.9493637924793963	0.9494984769233832
2872.0	0.948998274149608	0.9494427841904505
2872.5	0.9483637556542793	0.9495754958256075
2873.0	0.9485365072552909	0.9503556296743956
2873.5	0.9528812352027818	0.9522241199234529
2874.0	0.9583054605424309	0.9553341532136971
2874.5	0.9623793496715348	0.9594475296008327
2875.0	0.9656455982734824	0.964091209892582
2875.5	0.9668921505559579	0.9688009378227141
2876.0	0.9678695665783902	0.9732569038090902
2876.5	0.9722096878052086	0.977291095902114
2877.0	0.9792372154505916	0.9808404307187956
2877.5	0.987342929596726	0.9839007598129279
2878.0	0.9919485289750994	0.9864976545025204
2878.5	0.9941344719136496	0.9886710909997554
2879.0	0.9938970893403404	0.9904678759330227
2879.5	0.9903033022350058	0.9919375117650954
2880.0	0.9865737091551412	0.9931293939862145
2880.5	0.986605803247167	0.9940906018345324
2881.0	0.9918824044802349	0.9948641718589823
2881.5	0.9974265194662112	0.9954879249895029
2882.0	0.9998789125659792	0.9959938909862253
2882.5	0.999372587207962	0.9964082856626735
2883.0	1.0016922360191198	0.9967519206971238
2883.5	1.003201589714681	0.9970408901622897
2884.0	0.9990688412051252	0.9972873816014614
2884.5	0.9960150111984031	0.9975004895346485
2885.0	0.9934985858996694	0.997686950238812
2885.5	0.9928568317970013	0.9978517562200816
2886.0	0.9970541016424882	0.9979986398457299
2886.5	1.000040920455315	0.9981304357794714
2887.0	1.0008808598218328	0.9982493421066194
2887.5	1.000238618220405	0.9983571029024676
2888.0	0.9961139137374541	0.9984551333477765
2888.5	0.9935992614147152	0.9985446047225252
2889.0	0.9936305892327786	0.998626502351519
2889.5	0.992593712287241	0.9987016657472181
2890.0	0.9914163913122487	0.9987708171666342
2890.5	0.9907798921928481	0.9988345826057958
2891.0	0.9934965590147964	0.9988935077692872
2891.5	0.9979571337348029	0.9989480705964205
2892.0	1.0022806027876785	0.9989986913341674
2892.5	1.002043044557678	0.9990457407902901
2893.0	0.9995300813465231	0.9990895471871526
2893.5	0.9975534896629147	0.9991304019084671
2894.0	0.9971847250900461	0.9991685643518089
2894.5	0.9949365012518727	0.9992042660482914
2895.0	0.9921574221243479	0.9992377141756131
2895.5	0.9928606081183241	0.9992690945653335
2896.0	0.9959782084578238	0.9992985742861694
2896.5	1.001768481051522	0.9993263038702862
2897.0	1.0059555198226893	0.9993524192378174
2897.5	1.0049146850332118	0.9993770433653953
2898.0	1.0020002442148697	0.9994002877368181
2898.5	1.0013637047027275	0.9994222536077124
2899.0	1.002337485049262	0.9994430331109158
2899.5	1.0027714678192334	0.9994627102250686
2900.0	1.0030693797010657	0.9994813616254001
2900.5	1.002165436432006	0.9994990574327853
2901.0	1.0003231422611425	0.9995158618747271
2901.5	0.997547166607526	0.9995318338698906
2902.0	0.9962406543111407	0.999547027546125
2902.5	0.9960085696122769	0.9995614927004747
2903.0	0.9963069836325508	0.999575275208484
2903.5	0.9998184116886677	0.9995884173890814
2904.0	1.0035964950351774	0.9996009583304626
2904.5	1.0013565434735963	0.9996129341816673
2905.0	0.9975131840080436	0.99962437841391
2905.5	0.9995508261581499	0.9996353220552013
2906.0	1.0043964364318572	0.9996457939013293
2906.5	1.0084393820271507	0.9996558207058881
2907.0	1.0099409016124556	0.9996654273516948
2907.5	1.005428486257768	0.9996746370056513
2908.0	0.999979772116532	0.9996834712588508
2908.5	0.9964063849759299	0.999691950253517
2909.0	0.9949704735438585	0.9997000927981684
2909.5	0.9954043240105476	0.9997079164722418
2910.0	0.9987755333710604	0.9997154377212615
2910.5	1.0040195362294393	0.9997226719435212
2911.0	1.0079275484961059	0.9997296335691281
2911.5	1.0084912104193724	0.9997363361321739
2912.0	1.006254150574529	0.9997427923367034
2912.5	1.0036149945341408	0.9997490141170849
2913.0	1.0004426117314984	0.9997550126933179
2913.5	0.9995412999499245	0.9997607986217574
2914.0	0.9989069951411523	0.9997663818416849
2914.5	0.9968032389952358	0.9997717717181099
2915.0	0.9946999064609251	0.9997769770811454
2915.5	0.99740277784182	0.9997820062622692
2916.0	1.0019721311831178	0.9997868671277486
2916.5	1.0022735060103278	0.9997915671094788
2917.0	1.00070379832316	0.9997961132334623
2917.5	0.9964680315981557	0.9998005121461323
2918.0	0.9949035946039155	0.9998047701387052
2918.5	0.9933351021753735	0.99980889316973
2919.0	0.9930997104498613	0.9998128868859828
2919.5	0.9942013864906036	0.9998167566418478
2920.0	0.9949009013591485	0.9998205075173049
