2820.5	0.9982796929107742	0.9997912927654651
2821.0	0.9959198376014594	0.9997870712094932
2821.5	0.9910140814023639	0.9997827200147328
2822.0	0.9928897695320121	0.9997782338084037
2822.5	1.0007078090733221	0.9997736069359816
2823.0	1.004284680524191	0.9997688334432528
2823.5	1.0022638388919118	0.9997639070570175
2824.0	1.0005820395016778	0.9997588211643248
2824.5	0.9995783983143989	0.9997535687901135
2825.0	1.0009484766211274	0.9997481425731117
2825.5	1.0057097056761222	0.9997425347398436
2826.0	1.0067407891821207	0.9997367370765661
2826.5	1.0042083549229017	0.9997307408989496
2827.0	1.0025264442707207	0.9997245370192895
2827.5	1.0013559622163593	0.9997181157110159
2828.0	1.0042495024987426	0.9997114666702459
2828.5	1.0069818917494215	0.9997045789740912
2829.0	1.009202860142305	0.999697441035402
2829.5	1.0097225874592963	0.9996900405535999
2830.0	1.0060056961652328	0.9996823644612013
2830.5	1.002283143369292	0.9996743988655991
2831.0	0.998905211199879	0.9996661289856111
2831.5	0.9953548232316171	0.9996575390822536
2832.0	0.9914651667163674	0.999648612383127
2832.5	0.9902943736757748	0.9996393309997318
2833.0	0.9909862629748762	0.9996296758369485
2833.5	0.993540910948807	0.999619626493819
2834.0	0.9962735645008965	0.9996091611546583
2834.5	0.9983223427081716	0.9995982564694063
2835.0	0.996979183373969	0.999586887421981
2835.5	0.9942736106776963	0.9995750271852389
2836.0	0.9971732474778844	0.9995626469609602
2836.5	1.0024474562816368	0.999549715803061
2837.0	1.0031395872322524	0.9995362004219904
2837.5	0.9997610668257967	0.9995220649679885
2838.0	0.9977393627314647	0.9995072707905448
2838.5	0.9963960669779144	0.9994917761710238
2839.0	0.9972549906631176	0.9994755360249743
2839.5	0.9994764633921338	0.9994585015701256
2840.0	0.9976214870659252	0.9994406199554704
2840.5	0.9952603652939819	0.9994218338461268
2841.0	0.994595453833566	0.9994020809578446
2841.5	0.9918949665917686	0.9993812935340451
2842.0	0.9881710511321254	0.9993593977571371
2842.5	0.9856428176397697	0.9993363130844855
2843.0	0.9836150825279838	0.9993119514978062
2843.5	0.9866875880457667	0.9992862166528316
2844.0	0.9928081605448361	0.9992590029138104
2844.5	0.9953691634808274	0.999230194254662
2845.0	0.9948710457646148	0.9991996630053162
2845.5	0.9921702670733985	0.9991672684178099
2846.0	0.9892969827479325	0.9991328550219207
2846.5	0.9886318898479415	0.9990962507343072
2847.0	0.987121283506062	0.9990572646780573
2847.5	0.9839084971505608	0.9990156846608991
2848.0	0.9846005828388276	0.9989712742497313
2848.5	0.9859713364643572	0.9989237693660691
2849.0	0.98530615266883	0.9988728743108549
2849.5	0.9839622831214412	0.9988182571070255
2850.0	0.983975730533	0.9987595440232054
2850.5	0.9850072074935011	0.9986963131105432
2851.0	0.9836632787605804	0.9986280865452305
2851.5	0.9828255602200234	0.9985543215193126
2852.0	0.9845357777018134	0.9984743993589184
2852.5	0.9872696900747494	0.9983876124679523
2853.0	0.9893193812978333	0.9982931485911603
2853.5	0.9918809666131174	0.9981900717561067
2854.0	0.9924008052531911	0.9980772990792695
2854.5	0.9934325101579945	0.9979535723941572
2855.0	0.9910703952150942	0.99781742336151
2855.5	0.9900657734746221	0.9976671303294734
2856.0	0.99075809468575	0.9975006646930509
2856.5	0.9907716373789682	0.9973156238137453
2857.0	0.9926546809260982	0.9971091466439179
2857.5	0.9943652899200346	0.9968778069787371
2858.0	0.994545806726958	0.9966174776310822
2858.5	0.9932017328165614	0.9963231566653369
2859.0	0.9930483810266625	0.9959887439875067
2859.5	0.9945865934746487	0.9956067529258485
2860.0	0.9963029102473083	0.9951679368697245
2860.5	0.9966559660624538	0.9946608057179898
2861.0	0.9946273835678403	0.9940710015908752
2861.5	0.9902281944343577	0.993380500225966
2862.0	0.9887114256170385	0.9925666093047568
2862.5	0.9882185433609574	0.9916007605650689
2863.0	0.9860227875094252	0.9904471673531717
2863.5	0.9841664353029531	0.9890616029173068
2864.0	0.9836734706927646	0.9873909652553323
2864.5	0.98351440043886	0.9853751420243742
2865.0	0.9842068024582673	0.9829542692700497
2865.5	0.9847322649279724	0.9800869214667938
2866.0	0.9820298336233169	0.9767869795145829
2866.5	0.9757543191740539	0.9731838143003101
2867.0	0.9686382409456	0.9695899733275835
2867.5	0.9652509115130132	0.9665137141157587
2868.0	0.9666221315316516	0.9645199561818726
2868.5	0.9730916063004935	0.9639365255953328
2869.0	0.9741234562865138	0.9646220548790557
2869.5	0.9692109622967298	0.9660354358281175
2870.0	0.9641313549291054	0.9675309258382397
2870.5	0.9605767046393772	0.9686038624336295
2871.0	0.9627995895894549	0.9689685499824494
2871.5	0.9651895212142039	0.9685404029215681
2872.0	0.9628259218031069	0.9674193492462884
2872.5	0.9623269844111224	0.9659088229009125
2873.0	0.9665873262096398	0.9645300056339654
2873.5	0.9742433498326124	0.9639314479390007
2874.0	0.9795226546404442	0.9646314583776423
2874.5	0.9776712216783037	0.9667310944360982
2875.0	0.9730976076563119	0.9698716104442828
2875.5	0.9702217440624867	0.9734829861254621
2876.0	0.9717659054308169	0.9770702953505342
2876.5	0.9770455373679122	0.9803377691882769
2877.0	0.9801152014560891	0.9831681411734005
2877.5	0.9833575299071837	0.9855539942968771
2878.0	0.9860877659655156	0.9875393348256737
2878.5	0.9886510588529542	0.9891845342228873
2879.0	0.9924002648493443	0.9905493037292867
2879.5	0.992074226262211	0.991686045570006
2880.0	0.9893708604060542	0.9926382643482994
2880.5	0.9859826099253594	0.9934411077111652
2881.0	0.9844705623064068	0.9941226151803905
2881.5	0.9844840282585319	0.9947050556580923
2882.0	0.9855164010461203	0.9952061196798496
2882.5	0.9885866428857024	0.9956399038465493
2883.0	0.9909776791590854	0.996017693980852
2883.5	0.9915034930114831	0.9963485766887479
2884.0	0.9923689753223514	0.9966399128441766
2884.5	0.9932289131362118	0.9968977031503955
2885.0	0.995280480383149	0.9971268705771028
2885.5	0.9997153481738976	0.9973314792004133
2886.0	1.0007480423100792	0.9975149044790297
2886.5	1.0009287871968546	0.9976799664085355
2887.0	1.0009424803309586	0.9978290342183576
2887.5	0.9982386810423574	0.997964109165211
2888.0	0.9926446478207112	0.9980868903868231
2888.5	0.9896009651340844	0.9981988275864011
2889.0	0.9887624682549189	0.9983011634231356
2889.5	0.9921786167031641	0.9983949678114461
2890.0	0.992531901082293	0.9984811658248444
2890.5	0.9893154084943163	0.9985605605168986
2891.0	0.9874577044212669	0.9986338516804812
2891.5	0.987810938709373	0.9987016513440864
2892.0	0.987144997376847	0.9987644966333775
2892.5	0.98749823705259	0.9988228604945316
2893.0	0.9885309618462643	0.9988771606739485
2893.5	0.9887171437390424	0.9989277672694176
2894.0	0.9871990259885749	0.9989750091056037
2894.5	0.9885715407529608	0.9990191791377322
2895.0	0.9901167561270233	0.9990605390486276
2895.5	0.9892781171481023	0.9990993231734716
2896.0	0.9906507167059928	0.9991357418620892
2896.5	0.9927084643704737	0.9991699843688586
2897.0	0.9930618236817883	0.9992022213444781
2897.5	0.9917162948263938	0.9992326069909854
2898.0	0.9908776203544639	0.9992612809309994
2898.5	0.9912309691180499	0.999288369833656
2899.0	0.9910718520843077	0.9993139888327457
2899.5	0.9943162828294646	0.9993382427668523
2900.0	0.9985802108289874	0.9993612272665643
2900.5	1.0028442555363375	0.9993830297099403
2901.0	1.0052366649603268	0.9994037300641636
2901.5	1.0016851317956	0.999423401628621
2902.0	0.9976154130240419	0.99944211169239
2902.5	0.9943979334902481	0.9994599221172213
2903.0	0.9939045826528421	0.9994768898555196
2903.5	0.9937454826118465	0.9994930674114755
2904.0	0.9964778039932441	0.9995085032523806
2904.5	1.0017673920703816	0.9995232421761807
2905.0	1.0055194460250285	0.999537325640517
2905.5	1.0043409343147192	0.9995507920578016
2906.0	1.0002763777119081	0.9995636770602798
2906.5	0.9975711629685547	0.9995760137385208
2907.0	0.9970722299370087	0.9995878328563417
2907.5	0.9979383452735558	0.9995991630447922
2908.0	0.997779280847613	0.9996100309775008
2908.5	0.9993251933561982	0.9996204615294042
2909.0	1.0010383055042338	0.999630477920638
2909.5	1.0030913557495347	0.9996401018471542
2910.0	1.0044646705054938	0.9996493535994481
2910.5	1.003798619849444	0.999658252170618
2911.0	1.0031325509577034	0.99966681535484
2911.5	1.0022992950714504	0.9996750598372176
2912.0	1.0014604440027783	0.9996830012758616
2912.5	1.0007943157460506	0.9996906543769587
2913.0	1.001655039947679	0.9996980329635056
2913.5	1.000988896115975	0.9997051500383127
2914.0	1.0001555538433033	0.9997120178418201
2914.5	0.9999964914623589	0.9997186479052045
2915.0	0.9991631127843191	0.9997250510992155
2915.5	0.9988368453924097	0.9997312376791267
2916.0	0.9971507622971744	0.9997372173261522
2916.5	0.9966516937182309	0.9997429991856436
2917.0	0.9973452615433688	0.9997485919023498
2917.5	0.9975316864806627	0.9997540036529957
2918.0	1.000432305726055	0.9997592421764107
2918.5	1.0024914270289693	0.9997643148014147
2919.0	1.0004597023971886	0.9997692284726527
2919.5	0.9969007796401768	0.999773989774545
2920.0	0.9982799593091541	0.9997786049535142
