2820.5	1.0013556012821345	1.0
2821.0	1.003813346089563	1.0
2821.5	1.0054349136366665	1.0
2822.0	1.0051910008997764	1.0
2822.5	1.0046150556959161	1.0
2823.0	0.9994735928407623	1.0
2823.5	0.9977139377949329	1.0
2824.0	0.9984832380545271	1.0
2824.5	0.999257960532485	1.0
2825.0	0.999186103771253	1.0
2825.5	0.9967520627750335	1.0
2826.0	0.996342964416353	1.0
2826.5	0.9981243102319348	1.0
2827.0	1.002106689569337	1.0
2827.5	1.0027093725276022	1.0
2828.0	1.00331196884524	1.0
2828.5	1.0035771676998912	1.0
2829.0	1.0018186088419667	1.0
2829.5	1.001912481272845	1.0
2830.0	1.0013373924562428	1.0
2830.5	0.9980591470392787	1.0
2831.0	0.9954557520244455	1.0
2831.5	0.994035573774021	1.0
2832.0	0.9964954870438327	1.0
2832.5	0.9987837251545999	1.0
2833.0	0.9980377994624334	1.0
2833.5	0.9969549123419278	1.0
2834.0	0.9980602065025994	1.0
2834.5	0.9995078870026624	1.0
2835.0	1.0006183636309058	1.0
2835.5	1.0029053199159366	1.0
2836.0	1.005528895384665	1.0
2836.5	1.0081576174873477	1.0
2837.0	1.0094328424466879	1.0
2837.5	1.0096972592857736	1.0
2838.0	1.0074324958257415	1.0
2838.5	1.0036550983583226	1.0
2839.0	1.0018935366368278	1.0
2839.5	1.0003088983294715	1.0
2840.0	1.0020920289598447	1.0
2840.5	1.0037037786332825	1.0
2841.0	1.0026216503834358	1.0
2841.5	1.0013685768730094	1.0
2842.0	1.002141147264075	1.0
2842.5	1.0047623311027407	1.0
2843.0	1.003845982912683	1.0
2843.5	1.001588943590199	1.0
2844.0	1.0028633592928966	1.0
2844.5	1.0053127125850347	1.0
2845.0	1.0052406277709571	1.0
2845.5	1.0029841357616274	1.0
2846.0	1.0005514613711308	1.0
2846.5	0.9996413903078698	1.0
2847.0	1.000408015685715	1.0
2847.5	0.9996635240985241	1.0
2848.0	1.0021173920935231	1.0
2848.5	1.0030546040444954	1.0
2849.0	1.0026464026157678	1.0
2849.5	1.0034180510324353	1.0
2850.0	1.0025027183842674	1.0
2850.5	1.0044483765547432	1.0
2851.0	1.0085819638715214	1.0
2851.5	1.011033962459568	1.0
2852.0	1.010460032821975	1.0
2852.5	1.007356785865186	1.0
2853.0	1.0054386935609942	1.0
2853.5	1.0058680870270607	1.0
2854.0	1.0061321342794578	1.0
2854.5	1.00471586944441	1.0
2855.0	1.0051507311318115	1.0
2855.5	1.0052440155092277	1.0
2856.0	1.0019774597393993	1.0
2856.5	1.0024124240683043	1.0
2857.0	1.0016688015373787	1.0
2857.5	1.0019330170606904	1.0
2858.0	1.0042125137240232	0.9999999999999998
2858.5	1.0090134055088773	0.9999999999999964
2859.0	1.0072620082021027	0.9999999999999518
2859.5	1.0021472124822375	0.9999999999994169
2860.0	1.000396557076111	0.9999999999937527
2860.5	0.9983103858320933	0.9999999999407174
2861.0	0.9995819362561518	0.9999999995017606
2861.5	1.0050525353097373	0.9999999962912359
2862.0	1.0083375872867921	0.9999999755488067
2862.5	1.009778734215094	0.9999998572254855
2863.0	1.0075220636379807	0.9999992616179676
2863.5	1.001744433033923	0.9999966178615488
2864.0	0.9981462666611394	0.999986279132391
2864.5	0.9995877301181741	0.9999506994299412
2865.0	1.0072339171543128	0.9998431071676032
2865.5	1.0093455773643263	0.9995577817805734
2866.0	1.0035698815728913	0.9988960319555594
2866.5	0.9987959468235579	0.9975589718570345
2867.0	0.9977181915126102	0.9952190854585392
2867.5	0.9927803916679379	0.9917046327258136
2868.0	0.9854954528863809	0.9872441354298555
2868.5	0.9808946146765555	0.9826001440284204
2869.0	0.9791477297048357	0.9788954281121095
2869.5	0.9836075311268199	0.9771038688214035
2870.0	0.9837021614329959	0.9774664159647204
2870.5	0.9807791990148242	0.9792459641951825
2871.0	0.9840672569604046	0.9810638998424926
2871.5	0.9834913567933166	0.9816648080167234
2872.0	0.9757056744906858	0.9806455792777867
2872.5	0.9697674011424419	0.9786926680106831
2873.0	0.9732201423812243	0.9771788145052791
2873.5	0.9806941054921183	0.9773720148867704
2874.0	0.9814646215041756	0.9797501513565317
2874.5	0.979719067871074	0.9838261596262606
2875.0	0.9835051836691115	0.9885232733580807
2875.5	0.9891307722487153	0.9927784241251492
2876.0	0.9957661197125021	0.9959734313793186
2876.5	1.0025652736883925	0.9980111558190968
2877.0	1.005508493480819	0.9991298805573489
2877.5	1.006276853510802	0.999662829424401
2878.0	1.0067101762145019	0.9998842808246113
2878.5	1.0074728506037038	0.9999648242977319
2879.0	1.0067312017044936	0.999990529764289
2879.5	1.006494687307451	0.9999977418182938
2880.0	1.0044083966773714	0.9999995230895097
2880.5	1.0029975087542293	0.9999999107938727
2881.0	1.0014221741062894	0.9999999852214343
2881.5	0.99917205547617	0.9999999978315488
2882.0	0.9967576332966684	0.9999999997181962
2882.5	1.00120790883778	0.9999999999675643
2883.0	1.0076656824462529	0.9999999999966934
2883.5	1.00976640457523	0.9999999999997015
2884.0	1.0088605433908493	0.9999999999999761
2884.5	1.0109663662914101	0.9999999999999983
2885.0	1.0135710363880481	0.9999999999999999
2885.5	1.0111567925738463	1.0
2886.0	1.0037192238097294	1.0
2886.5	1.0003024609826998	1.0
2887.0	1.0015691567031237	1.0
2887.5	1.0070193400127911	1.0
2888.0	1.012967680550412	1.0
2888.5	1.0107244663835768	1.0
2889.0	1.0062997318094407	1.0
2889.5	1.004051830763208	1.0
2890.0	1.0036459430076103	1.0
2890.5	1.0044130125560136	1.0
2891.0	1.0016670054989827	1.0
2891.5	0.9994200748986207	1.0
2892.0	1.002527099578609	1.0
2892.5	1.0057980600211176	1.0
2893.0	1.0065647031801954	1.0
2893.5	1.0106731203054253	1.0
2894.0	1.0157834459217177	1.0
2894.5	1.0137062793427258	1.0
2895.0	1.0117937283308203	1.0
2895.5	1.0122201016974945	1.0
2896.0	1.012482117950485	1.0
2896.5	1.0122457665922902	1.0
2897.0	1.00883350371967	1.0
2897.5	1.002410268737384	1.0
2898.0	0.9989991914418541	1.0
2898.5	0.9995960057581907	1.0
2899.0	1.006707043911451	1.0
2899.5	1.0084746222949612	1.0
2900.0	1.0032250117286872	1.0
2900.5	1.0009808474410395	1.0
2901.0	1.002578803750934	1.0
2901.5	1.0103547167810523	1.0
2902.0	1.0156288777602502	1.0
2902.5	1.0118798116752015	1.0
2903.0	1.0029610942373979	1.0
2903.5	0.9955426185448243	1.0
2904.0	0.9929718984433794	1.0
2904.5	0.9918948341834222	1.0
2905.0	0.993995725205315	1.0
2905.5	0.9996020427833393	1.0
2906.0	1.002533339021816	1.0
2906.5	1.0036323137128613	1.0
2907.0	1.0030579290737673	1.0
2907.5	1.0036536915008145	1.0
2908.0	1.0020843553178476	1.0
2908.5	0.9978419679456283	1.0
2909.0	0.996098341943814	1.0
2909.5	0.9993673238773866	1.0
2910.0	1.0011273210278122	1.0
2910.5	0.9963888679793326	1.0
2911.0	0.9911483194202386	1.0
2911.5	0.9942473250494235	1.0
2912.0	0.9988430540515123	1.0
2912.5	1.0029409324660445	1.0
2913.0	1.0038695006351546	1.0
2913.5	1.0023013748894791	1.0
2914.0	0.9988925928868009	1.0
2914.5	0.9991548670626467	1.0
2915.0	0.9980844313436684	1.0
2915.5	0.9986798701659194	1.0
2916.0	1.0004438779910465	1.0
2916.5	0.9972057164533595	1.0
2917.0	0.9923026466326589	1.0
2917.5	0.9927345316860989	1.0
2918.0	0.9986585598771224	1.0
2918.5	1.006754453403059	1.0
2919.0	1.0088446577634098	1.0
2919.5	1.0071083072169351	1.0
2920.0	1.003871280924687	1.0
